0 0.61796875 0.3296875 0.0828125 0.115625
0 0.334375 0.2375 0.23125 0.10625
0 0.49765625 0.1296875 0.1421875 0.0609375
0 0.371875 0.12421875 0.096875 0.059375
0 0.034375 0.0546875 0.06875 0.05625
0 0.2171875 0.1171875 0.196875 0.0890625
0 0.62734375 0.1921875 0.0640625 0.065625
0 0.4265625 0.04921875 0.184375 0.0625
0 0.2203125 0.02890625 0.15625 0.0578125
0 0.8296875 0.3875 0.340625 0.2625
0 0.23203125 0.815625 0.4640625 0.36875
0 0.96796875 0.7953125 0.0640625 0.190625
0 0.8046875 0.840625 0.16875 0.31875
0 0.68515625 0.65859375 0.0515625 0.2796875