0 0.21953125 0.3671875 0.4390625 0.44375
0 0.61640625 0.37734375 0.3546875 0.3046875
0 0.721875 0.56875 0.325 0.040625
0 0.503125 0.0921875 0.128125 0.184375
0 0.83828125 0.0734375 0.1546875 0.146875
0 0.234375 0.8390625 0.178125 0.1078125
0 0.50859375 0.7953125 0.1390625 0.125
0 0.81796875 0.77890625 0.225 0.1171875
0 0.68671875 0.6453125 0.1390625 0.06875
0 0.80546875 0.665625 0.0953125 0.0625
0 0.928125 0.6890625 0.14375 0.096875
0 0.5125 0.66640625 0.146875 0.0734375
0 0.76953125 0.60390625 0.1796875 0.0296875
0 0.94609375 0.6140625 0.1078125 0.05